##
# La base de grille qu'utilise le jeu
# une case noire correspond à 1 
# une case blanche à 0

# Grille 5x5

Default=[[1,1,1,1,1],
	 [1,1,1,1,1],
	 [1,1,1,1,1],
	 [1,1,1,1,1],
	 [1,1,1,1,1],
        ]

LettreE= [[1,1,1,1,0],
	  [1,0,0,0,0],
	  [1,1,1,0,0],
	  [1,0,0,0,0],
	  [1,1,1,1,0],
	 ]




# Grille 10x10

Default=[[1,1,1,1,1,1,1,1,1,1],
	 [1,1,1,1,1,1,1,1,1,1],
	 [1,1,1,1,1,1,1,1,1,1],
	 [1,1,1,1,1,1,1,1,1,1],
	 [1,1,1,1,1,1,1,1,1,1],
	 [1,1,1,1,1,1,1,1,1,1],
	 [1,1,1,1,1,1,1,1,1,1],
	 [1,1,1,1,1,1,1,1,1,1],
	 [1,1,1,1,1,1,1,1,1,1],
	 [1,1,1,1,1,1,1,1,1,1],
        ]




Spirale = [[1,1,1,1,1,1,1,1,1,1],
	   [1,0,0,0,0,0,0,0,0,1],
	   [1,0,1,1,1,1,1,1,0,1],
	   [1,0,1,0,0,0,0,1,0,1],
	   [1,0,1,0,1,1,0,1,0,1],
	   [1,0,1,0,0,1,0,1,0,1],
	   [1,0,1,1,1,1,0,1,0,1],
	   [1,0,0,0,0,0,0,1,0,1],
	   [1,1,1,1,1,1,1,1,0,1],
	   [0,0,0,0,0,0,0,0,0,1],
	  ]

Neuf =    [[0,0,0,0,0,0,0,0,0,0],
	   [0,0,0,1,1,1,1,0,0,0],
	   [0,0,1,0,0,0,0,1,0,0],
	   [0,0,1,0,0,0,0,1,0,0],
	   [0,0,1,0,0,0,0,1,0,0],
	   [0,0,0,1,1,1,1,1,0,0],
	   [0,0,0,0,0,0,0,1,0,0],
	   [0,0,0,0,0,0,0,1,0,0],
	   [0,0,0,1,1,1,1,1,0,0],
	   [0,0,0,0,0,0,0,0,0,0],
	  ] 
	



# Grille 15x15
# Grille par default (15x15) à utiliser comme base 

Default=[[1,1,1,1,1,1,1,1,1,1,1,1,1,1,1],
	 [1,1,1,1,1,1,1,1,1,1,1,1,1,1,1],
	 [1,1,1,1,1,1,1,1,1,1,1,1,1,1,1],
	 [1,1,1,1,1,1,1,1,1,1,1,1,1,1,1],
	 [1,1,1,1,1,1,1,1,1,1,1,1,1,1,1],
	 [1,1,1,1,1,1,1,1,1,1,1,1,1,1,1],
	 [1,1,1,1,1,1,1,1,1,1,1,1,1,1,1],
	 [1,1,1,1,1,1,1,1,1,1,1,1,1,1,1],
	 [1,1,1,1,1,1,1,1,1,1,1,1,1,1,1],
	 [1,1,1,1,1,1,1,1,1,1,1,1,1,1,1],
	 [1,1,1,1,1,1,1,1,1,1,1,1,1,1,1],
	 [1,1,1,1,1,1,1,1,1,1,1,1,1,1,1],
	 [1,1,1,1,1,1,1,1,1,1,1,1,1,1,1],
	 [1,1,1,1,1,1,1,1,1,1,1,1,1,1,1],
	 [1,1,1,1,1,1,1,1,1,1,1,1,1,1,1],
        ]



# Facile -
SpiralePlus =[[1,1,1,1,1,1,1,1,1,1,1,1,1,1,1],
	      [0,1,0,0,1,0,0,0,1,0,0,0,0,1,1],
	      [1,1,1,1,1,1,1,1,1,1,1,1,1,0,1],
	      [1,0,0,0,0,0,0,1,0,0,0,0,1,0,1],
	      [1,0,1,1,1,1,1,1,1,1,1,0,1,0,1],
	      [1,0,1,0,0,0,0,0,0,0,1,0,1,0,1],
	      [1,0,1,0,1,1,1,1,1,0,1,0,1,0,1],
	      [1,1,1,0,1,0,0,0,1,0,1,0,1,1,1],
	      [1,0,1,1,1,0,1,1,1,0,1,0,1,0,1],
	      [1,0,1,0,1,0,0,0,0,1,1,0,1,0,1],
	      [1,0,1,0,1,1,1,1,1,1,1,1,1,0,1],
	      [1,0,1,0,0,0,0,0,0,0,0,0,1,0,1],
	      [1,0,1,1,1,1,1,1,1,1,1,1,1,0,1],
	      [1,0,0,0,1,0,0,0,0,0,0,0,1,0,1],
	      [1,1,1,1,1,1,1,1,1,1,1,1,1,1,1],
	     ]



# Grille 20x20
# Grille par default (20x20) à utiliser comme base 

Default=[[1,1,1,1,1,1,1,1,1,1,1,1,1,1,1,1,1,1,1,1],
	 [1,1,1,1,1,1,1,1,1,1,1,1,1,1,1,1,1,1,1,1],
	 [1,1,1,1,1,1,1,1,1,1,1,1,1,1,1,1,1,1,1,1],
	 [1,1,1,1,1,1,1,1,1,1,1,1,1,1,1,1,1,1,1,1],
	 [1,1,1,1,1,1,1,1,1,1,1,1,1,1,1,1,1,1,1,1],
	 [1,1,1,1,1,1,1,1,1,1,1,1,1,1,1,1,1,1,1,1],
	 [1,1,1,1,1,1,1,1,1,1,1,1,1,1,1,1,1,1,1,1],
	 [1,1,1,1,1,1,1,1,1,1,1,1,1,1,1,1,1,1,1,1],
	 [1,1,1,1,1,1,1,1,1,1,1,1,1,1,1,1,1,1,1,1],
	 [1,1,1,1,1,1,1,1,1,1,1,1,1,1,1,1,1,1,1,1],
	 [1,1,1,1,1,1,1,1,1,1,1,1,1,1,1,1,1,1,1,1],
	 [1,1,1,1,1,1,1,1,1,1,1,1,1,1,1,1,1,1,1,1],
	 [1,1,1,1,1,1,1,1,1,1,1,1,1,1,1,1,1,1,1,1],
	 [1,1,1,1,1,1,1,1,1,1,1,1,1,1,1,1,1,1,1,1],
	 [1,1,1,1,1,1,1,1,1,1,1,1,1,1,1,1,1,1,1,1],
	 [1,1,1,1,1,1,1,1,1,1,1,1,1,1,1,1,1,1,1,1],
	 [1,1,1,1,1,1,1,1,1,1,1,1,1,1,1,1,1,1,1,1],
	 [1,1,1,1,1,1,1,1,1,1,1,1,1,1,1,1,1,1,1,1],
	 [1,1,1,1,1,1,1,1,1,1,1,1,1,1,1,1,1,1,1,1],
	 [1,1,1,1,1,1,1,1,1,1,1,1,1,1,1,1,1,1,1,1],
        ]


Tigre =[[0,0,0,1,1,1,1,1,1,1,1,1,1,0,1,1,0,0,0,0],
	[0,0,1,0,0,0,1,1,0,0,1,0,0,1,0,0,1,0,0,0],
	[0,0,1,0,0,1,1,0,1,1,1,1,1,1,1,0,1,0,0,0],
	[0,0,1,0,1,1,0,0,0,0,0,1,0,0,1,1,1,0,0,0],
	[0,1,1,1,1,0,0,0,0,1,1,1,1,0,0,1,0,0,0,0],
	[1,1,0,1,1,1,0,1,1,0,0,0,0,0,1,1,1,0,0,0],
	[1,1,0,1,1,0,0,1,0,1,0,0,0,1,1,0,1,0,0,0],
	[1,0,0,1,0,0,1,0,1,1,0,0,0,1,1,0,1,0,0,0],
	[1,0,0,1,0,0,1,0,0,0,0,0,0,1,0,1,1,0,0,0],
	[1,0,0,1,0,0,1,0,0,1,0,0,0,1,0,1,1,0,0,0],
	[1,1,0,0,1,0,0,1,1,0,1,1,1,1,0,1,0,0,0,0],
	[0,1,0,0,1,1,0,0,1,0,0,0,0,0,1,1,0,0,0,0],
	[0,0,1,0,0,1,1,1,1,1,1,1,1,1,1,1,0,0,0,0],
	[1,0,0,0,0,0,0,0,1,1,0,0,0,1,1,1,0,0,0,0],
	[0,1,1,0,0,0,0,0,0,1,1,1,1,1,1,1,1,0,0,0],
	[0,0,0,1,1,0,0,0,0,0,0,0,0,1,1,1,1,0,0,0],
	[0,1,1,1,0,1,1,0,0,0,0,0,1,1,1,1,1,1,0,0],
	[1,1,1,0,0,1,1,1,1,0,0,1,1,1,0,0,0,0,1,0],
	[1,1,0,0,1,1,0,0,0,1,1,1,1,0,0,1,1,1,0,1],
	[1,1,0,0,1,1,0,0,0,0,0,0,1,1,1,1,0,0,0,0],
       ]




# Grille 25x25

















