111111100010111000110101001111111
100000100100111110001100101000001
101110101011010100010111001011101
101110101011101111011001001011101
101110101100110101011011101011101
100000101011000111000010101000001
111111101010101010101010101111111
000000001010000100100110000000000
101111100110010111000010101111100
110111010011100000111101001101101
101010111111100101101010100010100
011001011100101100010101001011110
100000101100100101101001000011000
000000010001011110111101111101011
111101111011111001111110011001110
111010010110101011011111011000100
111111100001110011010010110111001
100110011100010001111001111101111
000111101111100101001110000110100
101010011100101000100111010111110
111011100000010101000010000011000
100100010010110101011001111101101
101010111010101111000110010001110
101111010010001010001100111100101
100011101111111111000011111110001
000000001101011000111011100010111
111111101001111110100011101010100
100000101000110010100111100011110
101110101011111011011010111111011
101110101000011011111101010011011
101110101011100100001001111101100
100000100100011010010111000010100
111111101111110001100010110101010
